MLP_invScaling -- @ LR = 0.001
              precision    recall  f1-score   support

           0       0.00      0.00      0.00       261
           1       0.00      0.00      0.00         7
           2       0.00      0.00      0.00         9
           3       0.00      0.00      0.00        11
           4       0.00      0.00      0.00         6
           5       0.00      0.00      0.00        43
           6       0.02      0.50      0.04        10
           7       0.16      0.42      0.23        80
           8       0.00      0.00      0.00         2
           9       0.00      0.00      0.00         7
          10       0.00      0.00      0.00        64

    accuracy                           0.08       500
   macro avg       0.02      0.08      0.02       500
weighted avg       0.03      0.08      0.04       500

0.078

MLP_invScaling -- @ LR = 1
              precision    recall  f1-score   support

           0       0.74      0.93      0.83       261
           1       0.00      0.00      0.00         7
           2       0.00      0.00      0.00         9
           3       0.00      0.00      0.00        11
           4       0.00      0.00      0.00         6
           5       0.00      0.00      0.00        43
           6       0.00      0.00      0.00        10
           7       0.55      0.80      0.65        80
           8       0.00      0.00      0.00         2
           9       0.00      0.00      0.00         7
          10       0.97      0.89      0.93        64

    accuracy                           0.73       500
   macro avg       0.21      0.24      0.22       500
weighted avg       0.60      0.73      0.65       500

0.726


MLP_adaptive @ 0.001

              precision    recall  f1-score   support

           0       0.52      1.00      0.69       261
           1       0.00      0.00      0.00         7
           2       0.00      0.00      0.00         9
           3       0.00      0.00      0.00        11
           4       0.00      0.00      0.00         6
           5       0.00      0.00      0.00        43
           6       0.00      0.00      0.00        10
           7       0.00      0.00      0.00        80
           8       0.00      0.00      0.00         2
           9       0.00      0.00      0.00         7
          10       0.00      0.00      0.00        64

    accuracy                           0.52       500
   macro avg       0.05      0.09      0.06       500
weighted avg       0.27      0.52      0.36       500

0.522

MLP_adaptive 0.01
              precision    recall  f1-score   support

           0       0.78      0.93      0.85       261
           1       0.00      0.00      0.00         7
           2       0.00      0.00      0.00         9
           3       0.50      0.09      0.15        11
           4       0.00      0.00      0.00         6
           5       0.45      0.35      0.39        43
           6       0.00      0.00      0.00        10
           7       0.56      0.61      0.59        80
           8       0.00      0.00      0.00         2
           9       0.00      0.00      0.00         7
          10       0.94      0.94      0.94        64

    accuracy                           0.74       500
   macro avg       0.29      0.27      0.27       500
weighted avg       0.67      0.74      0.69       500

0.738
MLP_adaptive 0.1

              precision    recall  f1-score   support

           0       0.82      0.91      0.86       261
           1       1.00      0.14      0.25         7
           2       0.33      0.11      0.17         9
           3       0.50      0.36      0.42        11
           4       1.00      0.17      0.29         6
           5       0.43      0.42      0.42        43
           6       1.00      0.20      0.33        10
           7       0.57      0.59      0.58        80
           8       1.00      1.00      1.00         2
           9       0.62      0.71      0.67         7
          10       0.98      0.95      0.97        64

    accuracy                           0.76       500
   macro avg       0.75      0.51      0.54       500
weighted avg       0.76      0.76      0.74       500

0.758

MLP_adaptive 1
              precision    recall  f1-score   support

           0       0.84      0.90      0.87       261
           1       1.00      0.14      0.25         7
           2       0.33      0.11      0.17         9
           3       0.50      0.36      0.42        11
           4       1.00      0.17      0.29         6
           5       0.37      0.44      0.40        43
           6       1.00      0.20      0.33        10
           7       0.55      0.57      0.56        80
           8       1.00      1.00      1.00         2
           9       0.75      0.86      0.80         7
          10       0.98      0.95      0.97        64

    accuracy                           0.76       500
   macro avg       0.76      0.52      0.55       500
weighted avg       0.76      0.76      0.74       500

0.756

MLP_constant

              precision    recall  f1-score   support

           0       0.52      1.00      0.69       261
           1       0.00      0.00      0.00         7
           2       0.00      0.00      0.00         9
           3       0.00      0.00      0.00        11
           4       0.00      0.00      0.00         6
           5       0.00      0.00      0.00        43
           6       0.00      0.00      0.00        10
           7       0.00      0.00      0.00        80
           8       0.00      0.00      0.00         2
           9       0.00      0.00      0.00         7
          10       0.00      0.00      0.00        64

    accuracy                           0.52       500
   macro avg       0.05      0.09      0.06       500
weighted avg       0.27      0.52      0.36       500
