ADA 1000
------------
              precision    recall  f1-score   support

           0       0.57      0.96      0.72       261
           1       0.00      0.00      0.00         7
           2       0.00      0.00      0.00         9
           3       0.00      0.00      0.00        11
           4       0.00      0.00      0.00         6
           5       0.44      0.63      0.51        43
           6       0.00      0.00      0.00        10
           7       0.00      0.00      0.00        80
           8       0.00      0.00      0.00         2
           9       0.00      0.00      0.00         7
          10       0.00      0.00      0.00        64

    accuracy                           0.56       500
   macro avg       0.09      0.14      0.11       500
weighted avg       0.34      0.56      0.42       500

ADA 2000
------------
              precision    recall  f1-score   support

           0       0.56      0.82      0.67       261
           1       0.00      0.00      0.00         7
           2       0.00      0.00      0.00         9
           3       0.00      0.00      0.00        11
           4       0.00      0.00      0.00         6
           5       0.19      0.16      0.18        43
           6       0.00      0.00      0.00        10
           7       0.45      0.30      0.36        80
           8       0.00      0.00      0.00         2
           9       0.17      0.71      0.27         7
          10       0.00      0.00      0.00        64

    accuracy                           0.50       500
   macro avg       0.12      0.18      0.13       500
weighted avg       0.39      0.50      0.43       500

ADA 3000
------------
              precision    recall  f1-score   support

           0       0.55      0.77      0.64       261
           1       0.00      0.00      0.00         7
           2       0.00      0.00      0.00         9
           3       0.00      0.00      0.00        11
           4       0.00      0.00      0.00         6
           5       0.58      0.16      0.25        43
           6       0.00      0.00      0.00        10
           7       0.45      0.33      0.38        80
           8       0.00      0.00      0.00         2
           9       0.17      0.71      0.28         7
          10       0.00      0.00      0.00        64

    accuracy                           0.48       500
   macro avg       0.16      0.18      0.14       500
weighted avg       0.41      0.48      0.42       500

ADA 4000
------------
              precision    recall  f1-score   support

           0       0.54      0.79      0.64       261
           1       0.00      0.00      0.00         7
           2       0.00      0.00      0.00         9
           3       0.00      0.00      0.00        11
           4       0.00      0.00      0.00         6
           5       0.33      0.02      0.04        43
           6       0.00      0.00      0.00        10
           7       0.44      0.30      0.36        80
           8       0.00      0.00      0.00         2
           9       0.16      0.71      0.26         7
          10       0.03      0.02      0.02        64

    accuracy                           0.47       500
   macro avg       0.14      0.17      0.12       500
weighted avg       0.39      0.47      0.40       500

ADA 5000
------------
              precision    recall  f1-score   support

           0       0.64      0.73      0.68       261
           1       0.00      0.00      0.00         7
           2       0.00      0.00      0.00         9
           3       0.27      0.36      0.31        11
           4       0.57      0.67      0.62         6
           5       0.29      0.88      0.44        43
           6       0.00      0.00      0.00        10
           7       0.35      0.07      0.12        80
           8       1.00      1.00      1.00         2
           9       0.18      0.86      0.29         7
          10       0.00      0.00      0.00        64

    accuracy                           0.50       500
   macro avg       0.30      0.42      0.31       500
weighted avg       0.44      0.50      0.44       500

ADA 6000
------------
              precision    recall  f1-score   support

           0       0.57      0.63      0.60       261
           1       0.00      0.00      0.00         7
           2       0.00      0.00      0.00         9
           3       0.29      0.36      0.32        11
           4       0.50      0.50      0.50         6
           5       0.46      0.42      0.44        43
           6       0.00      0.00      0.00        10
           7       0.48      0.53      0.50        80
           8       0.00      0.00      0.00         2
           9       0.17      0.86      0.28         7
          10       0.04      0.02      0.02        64

    accuracy                           0.48       500
   macro avg       0.23      0.30      0.24       500
weighted avg       0.43      0.48      0.45       500

ADA 7000
------------
              precision    recall  f1-score   support

           0       0.62      0.74      0.68       261
           1       0.00      0.00      0.00         7
           2       0.00      0.00      0.00         9
           3       0.00      0.00      0.00        11
           4       0.57      0.67      0.62         6
           5       0.45      0.44      0.45        43
           6       0.00      0.00      0.00        10
           7       0.49      0.60      0.54        80
           8       0.00      0.00      0.00         2
           9       0.19      1.00      0.32         7
          10       0.00      0.00      0.00        64

    accuracy                           0.54       500
   macro avg       0.21      0.31      0.24       500
weighted avg       0.45      0.54      0.49       500

ADA 8000
------------
              precision    recall  f1-score   support

           0       0.60      0.69      0.64       261
           1       0.00      0.00      0.00         7
           2       0.00      0.00      0.00         9
           3       0.27      0.36      0.31        11
           4       0.50      0.50      0.50         6
           5       0.37      0.30      0.33        43
           6       0.00      0.00      0.00        10
           7       0.47      0.59      0.53        80
           8       0.00      0.00      0.00         2
           9       0.13      0.86      0.23         7
          10       0.00      0.00      0.00        64

    accuracy                           0.50       500
   macro avg       0.21      0.30      0.23       500
weighted avg       0.43      0.50      0.46       500