DTC 1000
------------
              precision    recall  f1-score   support

           0       0.76      0.73      0.74       261
           1       0.00      0.00      0.00         7
           2       0.00      0.00      0.00         9
           3       0.31      0.45      0.37        11
           4       1.00      0.33      0.50         6
           5       0.34      0.42      0.37        43
           6       0.08      0.10      0.09        10
           7       0.49      0.51      0.50        80
           8       0.00      0.00      0.00         2
           9       0.25      0.14      0.18         7
          10       0.72      0.75      0.73        64

    accuracy                           0.61       500
   macro avg       0.36      0.31      0.32       500
weighted avg       0.62      0.61      0.61       500

DTC 2000
------------
              precision    recall  f1-score   support

           0       0.79      0.73      0.76       261
           1       0.25      0.14      0.18         7
           2       0.12      0.11      0.12         9
           3       0.40      0.36      0.38        11
           4       0.62      0.83      0.71         6
           5       0.44      0.44      0.44        43
           6       0.18      0.20      0.19        10
           7       0.54      0.60      0.57        80
           8       0.33      0.50      0.40         2
           9       0.43      0.86      0.57         7
          10       0.73      0.81      0.77        64

    accuracy                           0.66       500
   macro avg       0.44      0.51      0.46       500
weighted avg       0.67      0.66      0.66       500

DTC 3000
------------
              precision    recall  f1-score   support

           0       0.82      0.76      0.79       261
           1       0.20      0.14      0.17         7
           2       0.23      0.33      0.27         9
           3       0.12      0.09      0.11        11
           4       0.33      0.33      0.33         6
           5       0.45      0.47      0.46        43
           6       0.33      0.20      0.25        10
           7       0.60      0.65      0.62        80
           8       0.25      1.00      0.40         2
           9       0.47      1.00      0.64         7
          10       0.85      0.88      0.86        64

    accuracy                           0.69       500
   macro avg       0.42      0.53      0.45       500
weighted avg       0.70      0.69      0.69       500

DTC 4000
------------
              precision    recall  f1-score   support

           0       0.80      0.76      0.78       261
           1       0.00      0.00      0.00         7
           2       0.40      0.22      0.29         9
           3       0.42      0.45      0.43        11
           4       0.33      0.17      0.22         6
           5       0.39      0.40      0.39        43
           6       0.22      0.20      0.21        10
           7       0.49      0.57      0.53        80
           8       0.33      0.50      0.40         2
           9       0.60      0.86      0.71         7
          10       0.81      0.84      0.82        64

    accuracy                           0.66       500
   macro avg       0.44      0.45      0.43       500
weighted avg       0.67      0.66      0.66       500

DTC 5000
------------
              precision    recall  f1-score   support

           0       0.83      0.79      0.81       261
           1       0.00      0.00      0.00         7
           2       0.30      0.33      0.32         9
           3       0.42      0.45      0.43        11
           4       0.25      0.17      0.20         6
           5       0.44      0.44      0.44        43
           6       0.23      0.30      0.26        10
           7       0.58      0.65      0.62        80
           8       0.17      0.50      0.25         2
           9       0.56      0.71      0.63         7
          10       0.86      0.86      0.86        64

    accuracy                           0.70       500
   macro avg       0.42      0.47      0.44       500
weighted avg       0.71      0.70      0.70       500

DTC 6000
------------
              precision    recall  f1-score   support

           0       0.81      0.77      0.79       261
           1       0.00      0.00      0.00         7
           2       0.14      0.11      0.12         9
           3       0.38      0.45      0.42        11
           4       0.44      0.67      0.53         6
           5       0.48      0.51      0.49        43
           6       0.10      0.10      0.10        10
           7       0.52      0.54      0.53        80
           8       0.00      0.00      0.00         2
           9       0.67      0.86      0.75         7
          10       0.82      0.88      0.85        64

    accuracy                           0.68       500
   macro avg       0.40      0.44      0.42       500
weighted avg       0.68      0.68      0.68       500

DTC 7000
------------
              precision    recall  f1-score   support

           0       0.78      0.82      0.80       261
           1       0.00      0.00      0.00         7
           2       0.33      0.22      0.27         9
           3       0.50      0.45      0.48        11
           4       0.00      0.00      0.00         6
           5       0.23      0.19      0.21        43
           6       0.20      0.20      0.20        10
           7       0.51      0.53      0.52        80
           8       0.00      0.00      0.00         2
           9       0.56      0.71      0.63         7
          10       0.90      0.88      0.89        64

    accuracy                           0.67       500
   macro avg       0.36      0.36      0.36       500
weighted avg       0.65      0.67      0.66       500

DTC 8000
------------
              precision    recall  f1-score   support

           0       0.79      0.83      0.81       261
           1       0.33      0.14      0.20         7
           2       0.50      0.22      0.31         9
           3       0.29      0.18      0.22        11
           4       0.00      0.00      0.00         6
           5       0.37      0.33      0.35        43
           6       0.43      0.60      0.50        10
           7       0.55      0.59      0.57        80
           8       0.40      1.00      0.57         2
           9       0.67      0.86      0.75         7
          10       0.93      0.88      0.90        64

    accuracy                           0.70       500
   macro avg       0.48      0.51      0.47       500
weighted avg       0.69      0.70      0.70       500