MLP_test.py 1000
------------
              precision    recall  f1-score   support

           0       0.79      0.90      0.84       261
           1       0.00      0.00      0.00         7
           2       0.00      0.00      0.00         9
           3       0.33      0.18      0.24        11
           4       1.00      0.17      0.29         6
           5       0.40      0.44      0.42        43
           6       1.00      0.20      0.33        10
           7       0.57      0.59      0.58        80
           8       1.00      1.00      1.00         2
           9       0.00      0.00      0.00         7
          10       0.98      0.92      0.95        64

    accuracy                           0.73       500
   macro avg       0.55      0.40      0.42       500
weighted avg       0.70      0.73      0.71       500

MLP_test.py 2000
------------
              precision    recall  f1-score   support

           0       0.84      0.91      0.88       261
           1       1.00      0.14      0.25         7
           2       0.33      0.11      0.17         9
           3       0.50      0.36      0.42        11
           4       1.00      0.17      0.29         6
           5       0.40      0.44      0.42        43
           6       1.00      0.20      0.33        10
           7       0.57      0.59      0.58        80
           8       1.00      1.00      1.00         2
           9       0.75      0.86      0.80         7
          10       0.98      0.95      0.97        64

    accuracy                           0.76       500
   macro avg       0.76      0.52      0.55       500
weighted avg       0.77      0.76      0.75       500

real  2m11.868s
user  3m3.443s
sys 0m32.281s


MLP_test.py 3000
------------
              precision    recall  f1-score   support

           0       0.85      0.90      0.87       261
           1       0.50      0.14      0.22         7
           2       0.33      0.11      0.17         9
           3       0.50      0.36      0.42        11
           4       1.00      0.17      0.29         6
           5       0.33      0.37      0.35        43
           6       1.00      0.30      0.46        10
           7       0.58      0.61      0.59        80
           8       1.00      1.00      1.00         2
           9       0.86      0.86      0.86         7
          10       0.97      0.95      0.96        64

    accuracy                           0.76       500
   macro avg       0.72      0.53      0.56       500
weighted avg       0.76      0.76      0.75       500

MLP_test.py 4000
------------
              precision    recall  f1-score   support

           0       0.84      0.92      0.87       261
           1       0.50      0.14      0.22         7
           2       0.50      0.11      0.18         9
           3       0.43      0.27      0.33        11
           4       0.50      0.17      0.25         6
           5       0.38      0.47      0.42        43
           6       1.00      0.30      0.46        10
           7       0.63      0.59      0.61        80
           8       1.00      1.00      1.00         2
           9       0.86      0.86      0.86         7
          10       0.98      0.95      0.97        64

    accuracy                           0.77       500
   macro avg       0.69      0.52      0.56       500
weighted avg       0.76      0.77      0.76       500

MLP_test.py 5000
------------
              precision    recall  f1-score   support

           0       0.85      0.90      0.87       261
           1       0.50      0.14      0.22         7
           2       0.40      0.22      0.29         9
           3       0.56      0.45      0.50        11
           4       0.67      0.33      0.44         6
           5       0.31      0.33      0.32        43
           6       0.67      0.40      0.50        10
           7       0.57      0.59      0.58        80
           8       1.00      1.00      1.00         2
           9       0.86      0.86      0.86         7
          10       0.98      0.94      0.96        64

    accuracy                           0.76       500
   macro avg       0.67      0.56      0.59       500
weighted avg       0.75      0.76      0.75       500

MLP_test.py 6000
------------
              precision    recall  f1-score   support

           0       0.87      0.89      0.88       261
           1       0.50      0.14      0.22         7
           2       0.50      0.33      0.40         9
           3       0.56      0.45      0.50        11
           4       0.67      0.33      0.44         6
           5       0.42      0.51      0.46        43
           6       0.60      0.30      0.40        10
           7       0.62      0.62      0.62        80
           8       0.67      1.00      0.80         2
           9       0.75      0.86      0.80         7
          10       0.97      0.97      0.97        64

    accuracy                           0.77       500
   macro avg       0.65      0.58      0.59       500
weighted avg       0.77      0.77      0.77       500

MLP_test.py 7000
------------
              precision    recall  f1-score   support

           0       0.88      0.89      0.88       261
           1       0.67      0.29      0.40         7
           2       0.43      0.33      0.38         9
           3       0.56      0.45      0.50        11
           4       0.75      0.50      0.60         6
           5       0.40      0.44      0.42        43
           6       0.80      0.40      0.53        10
           7       0.59      0.64      0.61        80
           8       0.67      1.00      0.80         2
           9       0.75      0.86      0.80         7
          10       0.97      0.97      0.97        64

    accuracy                           0.78       500
   macro avg       0.68      0.61      0.63       500
weighted avg       0.78      0.78      0.77       500

MLP_test.py 8000
------------
              precision    recall  f1-score   support

           0       0.88      0.89      0.88       261
           1       0.75      0.43      0.55         7
           2       0.50      0.44      0.47         9
           3       0.56      0.45      0.50        11
           4       0.67      0.33      0.44         6
           5       0.39      0.49      0.43        43
           6       1.00      0.40      0.57        10
           7       0.60      0.61      0.61        80
           8       0.67      1.00      0.80         2
           9       0.75      0.86      0.80         7
          10       0.97      0.97      0.97        64

    accuracy                           0.78       500
   macro avg       0.70      0.62      0.64       500
weighted avg       0.79      0.78      0.78       500

MLP 9000
------------
              precision    recall  f1-score   support

           0       0.86      0.90      0.88       261
           1       0.67      0.29      0.40         7
           2       0.60      0.33      0.43         9
           3       0.50      0.36      0.42        11
           4       0.75      0.50      0.60         6
           5       0.36      0.40      0.38        43
           6       1.00      0.30      0.46        10
           7       0.59      0.61      0.60        80
           8       0.67      1.00      0.80         2
           9       0.75      0.86      0.80         7
          10       0.97      0.97      0.97        64

    accuracy                           0.77       500
   macro avg       0.70      0.59      0.61       500
weighted avg       0.77      0.77      0.77       500


real  14m50.546s
user  20m6.441s
sys 3m35.573s -- for 9k