MNB 1000
------------
              precision    recall  f1-score   support

           0       0.70      0.92      0.79       261
           1       0.00      0.00      0.00         7
           2       0.00      0.00      0.00         9
           3       0.50      0.09      0.15        11
           4       0.00      0.00      0.00         6
           5       0.50      0.37      0.43        43
           6       0.00      0.00      0.00        10
           7       0.59      0.51      0.55        80
           8       1.00      0.50      0.67         2
           9       0.00      0.00      0.00         7
          10       0.98      0.81      0.89        64

    accuracy                           0.70       500
   macro avg       0.39      0.29      0.32       500
weighted avg       0.64      0.70      0.66       500

MNB 2000
------------
              precision    recall  f1-score   support

           0       0.74      0.90      0.81       261
           1       0.50      0.14      0.22         7
           2       0.00      0.00      0.00         9
           3       0.50      0.09      0.15        11
           4       1.00      0.17      0.29         6
           5       0.49      0.40      0.44        43
           6       1.00      0.10      0.18        10
           7       0.61      0.59      0.60        80
           8       1.00      1.00      1.00         2
           9       0.67      0.29      0.40         7
          10       0.98      0.86      0.92        64

    accuracy                           0.73       500
   macro avg       0.68      0.41      0.46       500
weighted avg       0.71      0.73      0.70       500

MNB 3000
------------
              precision    recall  f1-score   support

           0       0.74      0.91      0.82       261
           1       0.50      0.14      0.22         7
           2       0.00      0.00      0.00         9
           3       0.50      0.09      0.15        11
           4       1.00      0.17      0.29         6
           5       0.47      0.42      0.44        43
           6       1.00      0.10      0.18        10
           7       0.57      0.53      0.55        80
           8       1.00      1.00      1.00         2
           9       0.67      0.29      0.40         7
          10       1.00      0.83      0.91        64

    accuracy                           0.72       500
   macro avg       0.68      0.41      0.45       500
weighted avg       0.71      0.72      0.69       500

MNB 4000
------------
              precision    recall  f1-score   support

           0       0.76      0.92      0.83       261
           1       0.00      0.00      0.00         7
           2       0.67      0.22      0.33         9
           3       0.33      0.09      0.14        11
           4       1.00      0.17      0.29         6
           5       0.41      0.33      0.36        43
           6       1.00      0.20      0.33        10
           7       0.59      0.59      0.59        80
           8       1.00      1.00      1.00         2
           9       0.67      0.29      0.40         7
          10       0.96      0.84      0.90        64

    accuracy                           0.73       500
   macro avg       0.67      0.42      0.47       500
weighted avg       0.71      0.73      0.70       500

MNB 5000
------------
              precision    recall  f1-score   support

           0       0.78      0.93      0.85       261
           1       0.50      0.14      0.22         7
           2       0.67      0.44      0.53         9
           3       0.33      0.09      0.14        11
           4       1.00      0.17      0.29         6
           5       0.46      0.37      0.41        43
           6       1.00      0.30      0.46        10
           7       0.62      0.57      0.60        80
           8       1.00      1.00      1.00         2
           9       0.67      0.29      0.40         7
          10       0.97      0.91      0.94        64

    accuracy                           0.75       500
   macro avg       0.73      0.47      0.53       500
weighted avg       0.74      0.75      0.73       500

MNB 6000
------------
              precision    recall  f1-score   support

           0       0.79      0.92      0.85       261
           1       0.50      0.14      0.22         7
           2       0.67      0.44      0.53         9
           3       0.33      0.09      0.14        11
           4       1.00      0.17      0.29         6
           5       0.38      0.33      0.35        43
           6       1.00      0.20      0.33        10
           7       0.58      0.55      0.56        80
           8       1.00      1.00      1.00         2
           9       0.80      0.57      0.67         7
          10       0.97      0.92      0.94        64

    accuracy                           0.74       500
   macro avg       0.73      0.48      0.54       500
weighted avg       0.73      0.74      0.72       500

MNB 7000
------------
              precision    recall  f1-score   support

           0       0.80      0.91      0.85       261
           1       0.50      0.14      0.22         7
           2       0.67      0.44      0.53         9
           3       0.33      0.09      0.14        11
           4       0.00      0.00      0.00         6
           5       0.43      0.42      0.42        43
           6       1.00      0.30      0.46        10
           7       0.61      0.61      0.61        80
           8       1.00      1.00      1.00         2
           9       0.67      0.57      0.62         7
          10       0.97      0.92      0.94        64

    accuracy                           0.76       500
   macro avg       0.63      0.49      0.53       500
weighted avg       0.74      0.76      0.74       500

MNB 8000
------------
              precision    recall  f1-score   support

           0       0.81      0.91      0.86       261
           1       0.00      0.00      0.00         7
           2       0.67      0.44      0.53         9
           3       0.33      0.18      0.24        11
           4       0.00      0.00      0.00         6
           5       0.41      0.35      0.38        43
           6       1.00      0.40      0.57        10
           7       0.60      0.65      0.63        80
           8       1.00      1.00      1.00         2
           9       0.67      0.57      0.62         7
          10       0.98      0.91      0.94        64

    accuracy                           0.76       500
   macro avg       0.59      0.49      0.52       500
weighted avg       0.73      0.76      0.74       500