RFC 1000
------------
              precision    recall  f1-score   support

           0       0.72      0.91      0.80       261
           1       0.00      0.00      0.00         7
           2       0.00      0.00      0.00         9
           3       0.00      0.00      0.00        11
           4       0.00      0.00      0.00         6
           5       0.47      0.37      0.42        43
           6       0.00      0.00      0.00        10
           7       0.55      0.60      0.57        80
           8       0.00      0.00      0.00         2
           9       0.00      0.00      0.00         7
          10       0.98      0.72      0.83        64

    accuracy                           0.69       500
   macro avg       0.25      0.24      0.24       500
weighted avg       0.63      0.69      0.65       500

RFC 2000
------------
              precision    recall  f1-score   support

           0       0.72      0.92      0.81       261
           1       0.00      0.00      0.00         7
           2       0.00      0.00      0.00         9
           3       1.00      0.09      0.17        11
           4       0.00      0.00      0.00         6
           5       0.50      0.33      0.39        43
           6       0.00      0.00      0.00        10
           7       0.64      0.61      0.63        80
           8       0.00      0.00      0.00         2
           9       0.50      0.14      0.22         7
          10       0.91      0.81      0.86        64

    accuracy                           0.72       500
   macro avg       0.39      0.26      0.28       500
weighted avg       0.67      0.72      0.67       500

RFC 3000
------------
              precision    recall  f1-score   support

           0       0.76      0.91      0.83       261
           1       0.00      0.00      0.00         7
           2       0.00      0.00      0.00         9
           3       0.50      0.18      0.27        11
           4       1.00      0.17      0.29         6
           5       0.52      0.35      0.42        43
           6       0.00      0.00      0.00        10
           7       0.63      0.71      0.67        80
           8       0.00      0.00      0.00         2
           9       1.00      0.14      0.25         7
          10       0.95      0.88      0.91        64

    accuracy                           0.74       500
   macro avg       0.49      0.30      0.33       500
weighted avg       0.70      0.74      0.70       500

RFC 4000
------------
              precision    recall  f1-score   support

           0       0.75      0.93      0.83       261
           1       0.00      0.00      0.00         7
           2       0.00      0.00      0.00         9
           3       0.00      0.00      0.00        11
           4       0.00      0.00      0.00         6
           5       0.42      0.33      0.37        43
           6       0.00      0.00      0.00        10
           7       0.61      0.61      0.61        80
           8       0.00      0.00      0.00         2
           9       1.00      0.71      0.83         7
          10       0.95      0.88      0.91        64

    accuracy                           0.73       500
   macro avg       0.34      0.31      0.32       500
weighted avg       0.66      0.73      0.69       500

RFC 5000
------------
              precision    recall  f1-score   support

           0       0.78      0.92      0.84       261
           1       0.00      0.00      0.00         7
           2       0.00      0.00      0.00         9
           3       1.00      0.18      0.31        11
           4       0.00      0.00      0.00         6
           5       0.54      0.33      0.41        43
           6       1.00      0.10      0.18        10
           7       0.59      0.66      0.62        80
           8       1.00      0.50      0.67         2
           9       1.00      0.57      0.73         7
          10       0.92      0.94      0.93        64

    accuracy                           0.75       500
   macro avg       0.62      0.38      0.43       500
weighted avg       0.72      0.75      0.72       500

RFC 6000
------------
              precision    recall  f1-score   support

           0       0.76      0.94      0.84       261
           1       0.00      0.00      0.00         7
           2       1.00      0.11      0.20         9
           3       0.00      0.00      0.00        11
           4       0.00      0.00      0.00         6
           5       0.48      0.33      0.39        43
           6       0.00      0.00      0.00        10
           7       0.63      0.61      0.62        80
           8       0.00      0.00      0.00         2
           9       0.75      0.43      0.55         7
          10       0.95      0.95      0.95        64

    accuracy                           0.75       500
   macro avg       0.42      0.31      0.32       500
weighted avg       0.69      0.75      0.70       500

RFC 7000
------------
              precision    recall  f1-score   support

           0       0.74      0.94      0.82       261
           1       0.00      0.00      0.00         7
           2       0.00      0.00      0.00         9
           3       1.00      0.27      0.43        11
           4       0.00      0.00      0.00         6
           5       0.41      0.28      0.33        43
           6       0.00      0.00      0.00        10
           7       0.61      0.55      0.58        80
           8       0.00      0.00      0.00         2
           9       0.50      0.14      0.22         7
          10       0.95      0.89      0.92        64

    accuracy                           0.72       500
   macro avg       0.38      0.28      0.30       500
weighted avg       0.67      0.72      0.68       500

RFC 8000
------------
              precision    recall  f1-score   support

           0       0.76      0.94      0.84       261
           1       0.00      0.00      0.00         7
           2       1.00      0.11      0.20         9
           3       0.50      0.18      0.27        11
           4       0.00      0.00      0.00         6
           5       0.50      0.28      0.36        43
           6       1.00      0.10      0.18        10
           7       0.62      0.60      0.61        80
           8       1.00      0.50      0.67         2
           9       0.50      0.29      0.36         7
          10       0.95      0.97      0.96        64

    accuracy                           0.75       500
   macro avg       0.62      0.36      0.40       500
weighted avg       0.72      0.75      0.71       500