SVM 1000
------------
              precision    recall  f1-score   support

           0       0.81      0.87      0.84       261
           1       1.00      0.14      0.25         7
           2       0.00      0.00      0.00         9
           3       0.50      0.36      0.42        11
           4       0.50      0.17      0.25         6
           5       0.39      0.44      0.41        43
           6       1.00      0.30      0.46        10
           7       0.52      0.59      0.55        80
           8       1.00      1.00      1.00         2
           9       0.00      0.00      0.00         7
          10       0.95      0.95      0.95        64

    accuracy                           0.73       500
   macro avg       0.61      0.44      0.47       500
weighted avg       0.72      0.73      0.71       500

SVM 2000
------------
              precision    recall  f1-score   support

           0       0.85      0.89      0.87       261
           1       0.75      0.43      0.55         7
           2       0.50      0.11      0.18         9
           3       0.50      0.36      0.42        11
           4       0.67      0.33      0.44         6
           5       0.37      0.44      0.40        43
           6       1.00      0.40      0.57        10
           7       0.59      0.60      0.60        80
           8       1.00      1.00      1.00         2
           9       0.50      0.57      0.53         7
          10       0.95      0.95      0.95        64

    accuracy                           0.76       500
   macro avg       0.70      0.55      0.59       500
weighted avg       0.76      0.76      0.75       500

SVM 3000
------------
              precision    recall  f1-score   support

           0       0.87      0.89      0.88       261
           1       0.67      0.29      0.40         7
           2       0.25      0.11      0.15         9
           3       0.56      0.45      0.50        11
           4       0.50      0.17      0.25         6
           5       0.38      0.49      0.42        43
           6       1.00      0.40      0.57        10
           7       0.64      0.66      0.65        80
           8       1.00      1.00      1.00         2
           9       0.86      0.86      0.86         7
          10       0.97      0.95      0.96        64

    accuracy                           0.77       500
   macro avg       0.70      0.57      0.60       500
weighted avg       0.78      0.77      0.77       500

SVM 4000
------------
              precision    recall  f1-score   support

           0       0.87      0.89      0.88       261
           1       0.75      0.43      0.55         7
           2       0.25      0.11      0.15         9
           3       0.50      0.45      0.48        11
           4       0.50      0.17      0.25         6
           5       0.38      0.44      0.41        43
           6       0.71      0.50      0.59        10
           7       0.63      0.66      0.65        80
           8       1.00      1.00      1.00         2
           9       0.62      0.71      0.67         7
          10       0.97      0.97      0.97        64

    accuracy                           0.77       500
   macro avg       0.65      0.58      0.60       500
weighted avg       0.77      0.77      0.77       500

SVM 5000
------------
              precision    recall  f1-score   support

           0       0.89      0.89      0.89       261
           1       0.67      0.29      0.40         7
           2       0.33      0.22      0.27         9
           3       0.50      0.45      0.48        11
           4       0.67      0.33      0.44         6
           5       0.37      0.42      0.39        43
           6       0.67      0.60      0.63        10
           7       0.61      0.65      0.63        80
           8       1.00      1.00      1.00         2
           9       0.71      0.71      0.71         7
          10       0.97      0.98      0.98        64

    accuracy                           0.78       500
   macro avg       0.67      0.60      0.62       500
weighted avg       0.78      0.78      0.77       500

SVM 6000
------------
              precision    recall  f1-score   support

           0       0.89      0.88      0.89       261
           1       0.75      0.43      0.55         7
           2       0.50      0.33      0.40         9
           3       0.50      0.55      0.52        11
           4       0.67      0.33      0.44         6
           5       0.42      0.47      0.44        43
           6       0.67      0.60      0.63        10
           7       0.61      0.65      0.63        80
           8       1.00      1.00      1.00         2
           9       0.71      0.71      0.71         7
          10       0.97      1.00      0.98        64

    accuracy                           0.79       500
   macro avg       0.70      0.63      0.65       500
weighted avg       0.79      0.79      0.79       500

SVM 7000
------------
              precision    recall  f1-score   support

           0       0.89      0.89      0.89       261
           1       0.75      0.43      0.55         7
           2       0.40      0.22      0.29         9
           3       0.50      0.45      0.48        11
           4       0.60      0.50      0.55         6
           5       0.43      0.47      0.45        43
           6       1.00      0.60      0.75        10
           7       0.62      0.69      0.65        80
           8       0.67      1.00      0.80         2
           9       0.71      0.71      0.71         7
          10       0.97      1.00      0.98        64

    accuracy                           0.79       500
   macro avg       0.69      0.63      0.65       500
weighted avg       0.80      0.79      0.79       500

SVM 8000
------------
              precision    recall  f1-score   support

           0       0.90      0.89      0.89       261
           1       0.80      0.57      0.67         7
           2       0.50      0.33      0.40         9
           3       0.50      0.45      0.48        11
           4       1.00      0.33      0.50         6
           5       0.42      0.42      0.42        43
           6       1.00      0.80      0.89        10
           7       0.60      0.69      0.64        80
           8       1.00      1.00      1.00         2
           9       0.71      0.71      0.71         7
          10       0.97      1.00      0.98        64

    accuracy                           0.80       500
   macro avg       0.76      0.66      0.69       500
weighted avg       0.80      0.80      0.80       500