MLP_sgd_2k
----------
              precision    recall  f1-score   support

           0       0.52      1.00      0.69       261
           1       0.00      0.00      0.00         7
           2       0.00      0.00      0.00         9
           3       0.00      0.00      0.00        11
           4       0.00      0.00      0.00         6
           5       0.00      0.00      0.00        43
           6       0.00      0.00      0.00        10
           7       0.00      0.00      0.00        80
           8       0.00      0.00      0.00         2
           9       0.00      0.00      0.00         7
          10       0.00      0.00      0.00        64

    accuracy                           0.52       500
   macro avg       0.05      0.09      0.06       500
weighted avg       0.27      0.52      0.36       500

MLP_lbfgs_2k
------------
              precision    recall  f1-score   support

           0       0.84      0.89      0.87       261
           1       1.00      0.14      0.25         7
           2       0.33      0.11      0.17         9
           3       0.50      0.36      0.42        11
           4       0.50      0.17      0.25         6
           5       0.36      0.42      0.39        43
           6       1.00      0.30      0.46        10
           7       0.56      0.57      0.57        80
           8       1.00      1.00      1.00         2
           9       0.67      0.86      0.75         7
          10       0.97      0.97      0.97        64

    accuracy                           0.75       500
   macro avg       0.70      0.53      0.55       500
weighted avg       0.76      0.75      0.74       500

MLP_Default 2000
------------
              precision    recall  f1-score   support

           0       0.84      0.91      0.88       261
           1       1.00      0.14      0.25         7
           2       0.33      0.11      0.17         9
           3       0.50      0.36      0.42        11
           4       1.00      0.17      0.29         6
           5       0.40      0.44      0.42        43
           6       1.00      0.20      0.33        10
           7       0.57      0.59      0.58        80
           8       1.00      1.00      1.00         2
           9       0.75      0.86      0.80         7
          10       0.98      0.95      0.97        64

    accuracy                           0.76       500
   macro avg       0.76      0.52      0.55       500
weighted avg       0.77      0.76      0.75       500