MLP_Default 2000
------------
              precision    recall  f1-score   support

           0       0.84      0.91      0.88       261
           1       1.00      0.14      0.25         7
           2       0.33      0.11      0.17         9
           3       0.50      0.36      0.42        11
           4       1.00      0.17      0.29         6
           5       0.40      0.44      0.42        43
           6       1.00      0.20      0.33        10
           7       0.57      0.59      0.58        80
           8       1.00      1.00      1.00         2
           9       0.75      0.86      0.80         7
          10       0.98      0.95      0.97        64

    accuracy                           0.76       500
   macro avg       0.76      0.52      0.55       500
weighted avg       0.77      0.76      0.75       500

real  2m11.868s
user  3m3.443s
sys 0m32.281s