MLP_Batch_Size 300
------------
              precision    recall  f1-score   support

           0       0.84      0.90      0.87       261
           1       1.00      0.14      0.25         7
           2       0.33      0.11      0.17         9
           3       0.50      0.36      0.42        11
           4       1.00      0.17      0.29         6
           5       0.39      0.47      0.43        43
           6       1.00      0.30      0.46        10
           7       0.56      0.56      0.56        80
           8       1.00      1.00      1.00         2
           9       0.75      0.86      0.80         7
          10       0.98      0.95      0.97        64

    accuracy                           0.76       500
   macro avg       0.76      0.53      0.56       500
weighted avg       0.77      0.76      0.75       500

MLP_Batch_Size 400
------------
              precision    recall  f1-score   support

           0       0.84      0.90      0.87       261
           1       1.00      0.14      0.25         7
           2       0.33      0.11      0.17         9
           3       0.50      0.36      0.42        11
           4       1.00      0.17      0.29         6
           5       0.38      0.47      0.42        43
           6       1.00      0.20      0.33        10
           7       0.56      0.56      0.56        80
           8       1.00      1.00      1.00         2
           9       0.71      0.71      0.71         7
          10       0.97      0.95      0.96        64

    accuracy                           0.75       500
   macro avg       0.75      0.51      0.54       500
weighted avg       0.76      0.75      0.74       500

MLP_Batch_Size 500
------------
              precision    recall  f1-score   support

           0       0.83      0.91      0.87       261
           1       1.00      0.14      0.25         7
           2       0.50      0.11      0.18         9
           3       0.50      0.36      0.42        11
           4       1.00      0.17      0.29         6
           5       0.40      0.49      0.44        43
           6       1.00      0.20      0.33        10
           7       0.57      0.56      0.57        80
           8       1.00      1.00      1.00         2
           9       0.83      0.71      0.77         7
          10       0.98      0.95      0.97        64

    accuracy                           0.76       500
   macro avg       0.78      0.51      0.55       500
weighted avg       0.77      0.76      0.75       500

MLP_Batch_Size 600
------------
              precision    recall  f1-score   support

           0       0.84      0.91      0.88       261
           1       1.00      0.14      0.25         7
           2       0.33      0.11      0.17         9
           3       0.50      0.36      0.42        11
           4       1.00      0.17      0.29         6
           5       0.39      0.47      0.43        43
           6       1.00      0.30      0.46        10
           7       0.56      0.56      0.56        80
           8       1.00      1.00      1.00         2
           9       0.83      0.71      0.77         7
          10       0.98      0.95      0.97        64

    accuracy                           0.76       500
   macro avg       0.77      0.52      0.56       500
weighted avg       0.77      0.76      0.75       500

MLP_Batch_Size 700
------------
              precision    recall  f1-score   support

           0       0.83      0.90      0.86       261
           1       0.50      0.14      0.22         7
           2       0.50      0.11      0.18         9
           3       0.43      0.27      0.33        11
           4       1.00      0.17      0.29         6
           5       0.40      0.51      0.45        43
           6       1.00      0.30      0.46        10
           7       0.58      0.56      0.57        80
           8       1.00      1.00      1.00         2
           9       0.67      0.57      0.62         7
          10       0.95      0.95      0.95        64

    accuracy                           0.75       500
   macro avg       0.72      0.50      0.54       500
weighted avg       0.76      0.75      0.74       500

MLP_Batch_Size 800
------------
              precision    recall  f1-score   support

           0       0.83      0.89      0.86       261
           1       1.00      0.14      0.25         7
           2       0.50      0.11      0.18         9
           3       0.50      0.36      0.42        11
           4       1.00      0.17      0.29         6
           5       0.38      0.47      0.42        43
           6       1.00      0.30      0.46        10
           7       0.57      0.57      0.57        80
           8       1.00      1.00      1.00         2
           9       0.67      0.57      0.62         7
          10       0.95      0.95      0.95        64

    accuracy                           0.75       500
   macro avg       0.76      0.50      0.55       500
weighted avg       0.76      0.75      0.74       500

MLP_Batch_Size 900
------------
              precision    recall  f1-score   support

           0       0.83      0.90      0.87       261
           1       1.00      0.14      0.25         7
           2       0.50      0.11      0.18         9
           3       0.43      0.27      0.33        11
           4       1.00      0.17      0.29         6
           5       0.38      0.44      0.41        43
           6       1.00      0.30      0.46        10
           7       0.57      0.57      0.57        80
           8       1.00      1.00      1.00         2
           9       0.80      0.57      0.67         7
          10       0.95      0.95      0.95        64

    accuracy                           0.75       500
   macro avg       0.77      0.49      0.54       500
weighted avg       0.76      0.75      0.74       500

MLP_Batch_Size 1000
------------
              precision    recall  f1-score   support

           0       0.84      0.90      0.87       261
           1       0.50      0.14      0.22         7
           2       0.50      0.11      0.18         9
           3       0.43      0.27      0.33        11
           4       1.00      0.17      0.29         6
           5       0.42      0.51      0.46        43
           6       1.00      0.30      0.46        10
           7       0.59      0.59      0.59        80
           8       1.00      1.00      1.00         2
           9       0.80      0.57      0.67         7
          10       0.95      0.95      0.95        64

    accuracy                           0.76       500
   macro avg       0.73      0.50      0.55       500
weighted avg       0.76      0.76      0.75       500

MLP_Batch_Size 1100
------------
              precision    recall  f1-score   support

           0       0.83      0.90      0.87       261
           1       0.50      0.14      0.22         7
           2       0.50      0.11      0.18         9
           3       0.43      0.27      0.33        11
           4       1.00      0.17      0.29         6
           5       0.40      0.49      0.44        43
           6       1.00      0.30      0.46        10
           7       0.57      0.57      0.57        80
           8       1.00      1.00      1.00         2
           9       0.80      0.57      0.67         7
          10       0.95      0.95      0.95        64

    accuracy                           0.76       500
   macro avg       0.73      0.50      0.54       500
weighted avg       0.76      0.76      0.74       500

MLP_Batch_Size 1200
------------
              precision    recall  f1-score   support

           0       0.83      0.90      0.87       261
           1       0.50      0.14      0.22         7
           2       0.50      0.11      0.18         9
           3       0.43      0.27      0.33        11
           4       1.00      0.17      0.29         6
           5       0.42      0.51      0.46        43
           6       1.00      0.30      0.46        10
           7       0.58      0.57      0.58        80
           8       1.00      1.00      1.00         2
           9       0.80      0.57      0.67         7
          10       0.95      0.95      0.95        64

    accuracy                           0.76       500
   macro avg       0.73      0.50      0.55       500
weighted avg       0.76      0.76      0.75       500

MLP_Batch_Size 1300
------------
              precision    recall  f1-score   support

           0       0.83      0.90      0.87       261
           1       0.50      0.14      0.22         7
           2       0.50      0.11      0.18         9
           3       0.43      0.27      0.33        11
           4       1.00      0.17      0.29         6
           5       0.42      0.51      0.46        43
           6       1.00      0.30      0.46        10
           7       0.58      0.57      0.58        80
           8       1.00      1.00      1.00         2
           9       0.80      0.57      0.67         7
          10       0.95      0.95      0.95        64

    accuracy                           0.76       500
   macro avg       0.73      0.50      0.55       500
weighted avg       0.76      0.76      0.75       500

MLP_Batch_Size 1400
------------
              precision    recall  f1-score   support

           0       0.84      0.90      0.87       261
           1       0.50      0.14      0.22         7
           2       0.50      0.11      0.18         9
           3       0.43      0.27      0.33        11
           4       1.00      0.17      0.29         6
           5       0.40      0.51      0.45        43
           6       1.00      0.30      0.46        10
           7       0.58      0.56      0.57        80
           8       1.00      1.00      1.00         2
           9       0.80      0.57      0.67         7
          10       0.95      0.97      0.96        64

    accuracy                           0.76       500
   macro avg       0.73      0.50      0.55       500
weighted avg       0.76      0.76      0.75       500

MLP_Batch_Size 1500
------------
              precision    recall  f1-score   support

           0       0.83      0.90      0.86       261
           1       0.50      0.14      0.22         7
           2       0.50      0.11      0.18         9
           3       0.43      0.27      0.33        11
           4       1.00      0.17      0.29         6
           5       0.41      0.51      0.45        43
           6       1.00      0.30      0.46        10
           7       0.58      0.57      0.58        80
           8       1.00      1.00      1.00         2
           9       0.80      0.57      0.67         7
          10       0.95      0.95      0.95        64

    accuracy                           0.76       500
   macro avg       0.73      0.50      0.55       500
weighted avg       0.76      0.76      0.74       500

MLP_Batch_Size 1600
------------
              precision    recall  f1-score   support

           0       0.83      0.90      0.87       261
           1       0.50      0.14      0.22         7
           2       0.50      0.11      0.18         9
           3       0.43      0.27      0.33        11
           4       1.00      0.17      0.29         6
           5       0.42      0.51      0.46        43
           6       1.00      0.30      0.46        10
           7       0.58      0.57      0.58        80
           8       1.00      1.00      1.00         2
           9       0.80      0.57      0.67         7
          10       0.95      0.95      0.95        64

    accuracy                           0.76       500
   macro avg       0.73      0.50      0.55       500
weighted avg       0.76      0.76      0.75       500

MLP_Batch_Size 1700
------------
              precision    recall  f1-score   support

           0       0.83      0.90      0.87       261
           1       0.50      0.14      0.22         7
           2       0.50      0.11      0.18         9
           3       0.43      0.27      0.33        11
           4       1.00      0.17      0.29         6
           5       0.42      0.51      0.46        43
           6       1.00      0.30      0.46        10
           7       0.58      0.57      0.58        80
           8       1.00      1.00      1.00         2
           9       0.80      0.57      0.67         7
          10       0.95      0.95      0.95        64

    accuracy                           0.76       500
   macro avg       0.73      0.50      0.55       500
weighted avg       0.76      0.76      0.75       500

MLP_Batch_Size 1800
------------
              precision    recall  f1-score   support

           0       0.84      0.90      0.87       261
           1       0.50      0.14      0.22         7
           2       0.33      0.11      0.17         9
           3       0.43      0.27      0.33        11
           4       1.00      0.17      0.29         6
           5       0.42      0.51      0.46        43
           6       1.00      0.40      0.57        10
           7       0.59      0.57      0.58        80
           8       1.00      1.00      1.00         2
           9       0.80      0.57      0.67         7
          10       0.95      0.95      0.95        64

    accuracy                           0.76       500
   macro avg       0.71      0.51      0.56       500
weighted avg       0.76      0.76      0.75       500

MLP_Batch_Size 1900
------------
              precision    recall  f1-score   support

           0       0.82      0.93      0.87       261
           1       0.00      0.00      0.00         7
           2       0.00      0.00      0.00         9
           3       0.43      0.27      0.33        11
           4       0.00      0.00      0.00         6
           5       0.45      0.44      0.45        43
           6       0.00      0.00      0.00        10
           7       0.59      0.60      0.59        80
           8       1.00      1.00      1.00         2
           9       1.00      0.57      0.73         7
          10       0.95      0.95      0.95        64

    accuracy                           0.76       500
   macro avg       0.48      0.43      0.45       500
weighted avg       0.71      0.76      0.73       500

MLP_Alpha 2000
------------
              precision    recall  f1-score   support

           0       0.80      0.90      0.85       261
           1       0.00      0.00      0.00         7
           2       0.00      0.00      0.00         9
           3       0.50      0.27      0.35        11
           4       0.00      0.00      0.00         6
           5       0.42      0.47      0.44        43
           6       1.00      0.20      0.33        10
           7       0.58      0.59      0.58        80
           8       1.00      1.00      1.00         2
           9       0.80      0.57      0.67         7
          10       0.97      0.95      0.96        64

    accuracy                           0.75       500
   macro avg       0.55      0.45      0.47       500
weighted avg       0.72      0.75      0.73       500

0.748
MLP_Alpha 3000
------------
              precision    recall  f1-score   support

           0       0.82      0.89      0.85       261
           1       0.00      0.00      0.00         7
           2       0.50      0.11      0.18         9
           3       0.50      0.27      0.35        11
           4       0.00      0.00      0.00         6
           5       0.42      0.47      0.44        43
           6       0.67      0.20      0.31        10
           7       0.58      0.60      0.59        80
           8       1.00      1.00      1.00         2
           9       0.80      0.57      0.67         7
          10       0.95      0.97      0.96        64

    accuracy                           0.75       500
   macro avg       0.57      0.46      0.49       500
weighted avg       0.73      0.75      0.73       500

0.75
MLP_Alpha 4000
------------
              precision    recall  f1-score   support

           0       0.83      0.90      0.86       261
           1       0.67      0.29      0.40         7
           2       0.50      0.11      0.18         9
           3       0.50      0.27      0.35        11
           4       0.00      0.00      0.00         6
           5       0.44      0.49      0.46        43
           6       1.00      0.20      0.33        10
           7       0.57      0.60      0.59        80
           8       1.00      1.00      1.00         2
           9       0.80      0.57      0.67         7
          10       0.95      0.97      0.96        64

    accuracy                           0.76       500
   macro avg       0.66      0.49      0.53       500
weighted avg       0.75      0.76      0.74       500

0.76
MLP_Alpha 5000
------------
              precision    recall  f1-score   support

           0       0.80      0.90      0.85       261
           1       0.00      0.00      0.00         7
           2       0.00      0.00      0.00         9
           3       0.50      0.27      0.35        11
           4       0.00      0.00      0.00         6
           5       0.43      0.49      0.46        43
           6       1.00      0.20      0.33        10
           7       0.57      0.57      0.57        80
           8       1.00      1.00      1.00         2
           9       0.80      0.57      0.67         7
          10       0.98      0.97      0.98        64

    accuracy                           0.75       500
   macro avg       0.55      0.45      0.47       500
weighted avg       0.72      0.75      0.73       500

0.75
MLP_Alpha 6000
------------
              precision    recall  f1-score   support

           0       0.82      0.90      0.86       261
           1       0.50      0.14      0.22         7
           2       0.50      0.11      0.18         9
           3       0.50      0.27      0.35        11
           4       0.00      0.00      0.00         6
           5       0.44      0.49      0.46        43
           6       1.00      0.20      0.33        10
           7       0.58      0.60      0.59        80
           8       1.00      1.00      1.00         2
           9       0.80      0.57      0.67         7
          10       0.95      0.97      0.96        64

    accuracy                           0.76       500
   macro avg       0.64      0.48      0.51       500
weighted avg       0.74      0.76      0.74       500

0.758
MLP_Alpha 7000
------------
              precision    recall  f1-score   support

           0       0.81      0.90      0.85       261
           1       0.50      0.14      0.22         7
           2       0.00      0.00      0.00         9
           3       0.50      0.27      0.35        11
           4       0.00      0.00      0.00         6
           5       0.43      0.49      0.46        43
           6       1.00      0.20      0.33        10
           7       0.57      0.57      0.57        80
           8       1.00      1.00      1.00         2
           9       0.80      0.57      0.67         7
          10       0.95      0.97      0.96        64

    accuracy                           0.75       500
   macro avg       0.60      0.47      0.49       500
weighted avg       0.73      0.75      0.73       500

0.75
MLP_Alpha 8000
------------
              precision    recall  f1-score   support

           0       0.83      0.89      0.86       261
           1       0.50      0.14      0.22         7
           2       0.50      0.11      0.18         9
           3       0.43      0.27      0.33        11
           4       0.00      0.00      0.00         6
           5       0.43      0.49      0.46        43
           6       1.00      0.20      0.33        10
           7       0.57      0.60      0.59        80
           8       1.00      1.00      1.00         2
           9       0.67      0.57      0.62         7
          10       0.95      0.97      0.96        64

    accuracy                           0.75       500
   macro avg       0.63      0.48      0.50       500
weighted avg       0.74      0.75      0.74       500

0.754
MLP_Alpha 9000
------------
              precision    recall  f1-score   support

           0       0.83      0.90      0.86       261
           1       0.00      0.00      0.00         7
           2       1.00      0.11      0.20         9
           3       0.50      0.27      0.35        11
           4       0.00      0.00      0.00         6
           5       0.42      0.49      0.45        43
           6       1.00      0.20      0.33        10
           7       0.58      0.61      0.59        80
           8       1.00      1.00      1.00         2
           9       0.80      0.57      0.67         7
          10       0.95      0.97      0.96        64

    accuracy                           0.76       500
   macro avg       0.64      0.47      0.49       500
weighted avg       0.75      0.76      0.74       500

0.756