MLP_tanh 2k
------------
              precision    recall  f1-score   support

           0       0.84      0.91      0.87       261
           1       1.00      0.14      0.25         7
           2       0.33      0.11      0.17         9
           3       0.50      0.36      0.42        11
           4       1.00      0.17      0.29         6
           5       0.42      0.47      0.44        43
           6       1.00      0.20      0.33        10
           7       0.58      0.60      0.59        80
           8       1.00      1.00      1.00         2
           9       0.67      0.86      0.75         7
          10       0.98      0.94      0.96        64

    accuracy                           0.76       500
   macro avg       0.76      0.52      0.55       500
weighted avg       0.77      0.76      0.75       500

MLP_logistic 2k
--------------
              precision    recall  f1-score   support

           0       0.76      0.93      0.84       261
           1       0.00      0.00      0.00         7
           2       0.00      0.00      0.00         9
           3       0.00      0.00      0.00        11
           4       0.00      0.00      0.00         6
           5       0.42      0.23      0.30        43
           6       0.00      0.00      0.00        10
           7       0.55      0.65      0.59        80
           8       0.00      0.00      0.00         2
           9       0.00      0.00      0.00         7
          10       0.95      0.92      0.94        64

    accuracy                           0.73       500
   macro avg       0.24      0.25      0.24       500
weighted avg       0.64      0.73      0.68       500

MLP_identity 2k
--------------
              precision    recall  f1-score   support

           0       0.84      0.90      0.87       261
           1       1.00      0.14      0.25         7
           2       0.33      0.11      0.17         9
           3       0.50      0.36      0.42        11
           4       1.00      0.17      0.29         6
           5       0.40      0.44      0.42        43
           6       1.00      0.20      0.33        10
           7       0.56      0.59      0.57        80
           8       1.00      1.00      1.00         2
           9       0.67      0.86      0.75         7
          10       0.98      0.95      0.97        64

    accuracy                           0.76       500
   macro avg       0.75      0.52      0.55       500
weighted avg       0.77      0.76      0.75       500

MLP_default/relu 2k
--------------
              precision    recall  f1-score   support

           0       0.84      0.91      0.88       261
           1       1.00      0.14      0.25         7
           2       0.33      0.11      0.17         9
           3       0.50      0.36      0.42        11
           4       1.00      0.17      0.29         6
           5       0.40      0.44      0.42        43
           6       1.00      0.20      0.33        10
           7       0.57      0.59      0.58        80
           8       1.00      1.00      1.00         2
           9       0.75      0.86      0.80         7
          10       0.98      0.95      0.97        64

    accuracy                           0.76       500
   macro avg       0.76      0.52      0.55       500
weighted avg       0.77      0.76      0.75       500

