SGD learning rate init = 0.01


              precision    recall  f1-score   support

           0       0.78      0.93      0.85       261
           1       0.00      0.00      0.00         7
           2       0.00      0.00      0.00         9
           3       0.50      0.09      0.15        11
           4       0.00      0.00      0.00         6
           5       0.41      0.28      0.33        43
           6       0.00      0.00      0.00        10
           7       0.55      0.64      0.59        80
           8       0.00      0.00      0.00         2
           9       0.00      0.00      0.00         7
          10       0.94      0.94      0.94        64

    accuracy                           0.74       500
   macro avg       0.29      0.26      0.26       500
weighted avg       0.66      0.74      0.69       500

0.736
LR = 0.1
              precision    recall  f1-score   support

           0       0.85      0.90      0.87       261
           1       1.00      0.14      0.25         7
           2       0.33      0.11      0.17         9
           3       0.50      0.36      0.42        11
           4       1.00      0.17      0.29         6
           5       0.40      0.44      0.42        43
           6       1.00      0.30      0.46        10
           7       0.55      0.60      0.57        80
           8       1.00      1.00      1.00         2
           9       0.67      0.86      0.75         7
          10       0.98      0.95      0.97        64

    accuracy                           0.76       500
   macro avg       0.75      0.53      0.56       500
weighted avg       0.77      0.76      0.75       500

0.76
LR = 0.15
              precision    recall  f1-score   support

           0       0.84      0.90      0.87       261
           1       1.00      0.14      0.25         7
           2       0.33      0.11      0.17         9
           3       0.50      0.36      0.42        11
           4       1.00      0.17      0.29         6
           5       0.38      0.49      0.42        43
           6       1.00      0.20      0.33        10
           7       0.58      0.55      0.56        80
           8       1.00      1.00      1.00         2
           9       0.75      0.86      0.80         7
          10       0.98      0.95      0.97        64

    accuracy                           0.76       500
   macro avg       0.76      0.52      0.55       500
weighted avg       0.76      0.76      0.74       500

0.756

LR = 0.2
              precision    recall  f1-score   support

           0       0.84      0.90      0.87       261
           1       1.00      0.14      0.25         7
           2       0.33      0.11      0.17         9
           3       0.50      0.36      0.42        11
           4       1.00      0.17      0.29         6
           5       0.37      0.44      0.40        43
           6       1.00      0.30      0.46        10
           7       0.55      0.55      0.55        80
           8       1.00      1.00      1.00         2
           9       0.67      0.86      0.75         7
          10       0.98      0.95      0.97        64

    accuracy                           0.75       500
   macro avg       0.75      0.53      0.56       500
weighted avg       0.76      0.75      0.74       500

0.754



